1.9348389953374863
0.010619185864925385
2.384505271911621
-0.9342524409294128
0.6397123262286186
-0.9905792772769928
0.23149780184030533
0.02234923094511032
-0.8780954629182816
-0.940731406211853
0.25122907757759094
0.45193173736333847
0.21228434890508652
-1.6608174368739128
0.36427169293165207
-1.8447187021374702
-0.5976566821336746
1.8112056031823158
0.7234055623412132
-1.8381922096014023
-1.8903821408748627
0.8968163952231407
0.7380140349268913
2.442999742925167
-1.1587620675563812
-2.8432737663388252
-1.037052258849144
2.518267445266247
-1.513117291033268
-0.09197225421667099
0.7644515261054039
0.2283545434474945
1.1454335153102875
-1.0426910445094109
0.987318865954876
-2.3404658138751984
-0.4706292152404785
1.8768386766314507
-0.43871910870075226
-1.0961260572075844
0.5529938042163849
-2.4696031510829926
0.8241674527525902
0.36835186928510666
9 5: -1.7861815318465233
new
0.5163119658827782
-1.1322495639324188
-0.79901073127985
0.1981668323278427
0.7569914013147354
-0.2563801407814026
-0.13823547214269638
-0.2846312001347542
3.439838133752346
0.25701551884412766
0.2426692396402359
-3.031910687685013
2.0485427528619766
0.3021622747182846
-0.028641730546951294
1.3338831514120102
0.36285044997930527
2 9: 0.8564900234341621
new
-0.655396081507206
-0.41348711401224136
-1.1543195769190788
-0.23167020082473755
1.6283008605241776
1.593482106924057
-1.729586310684681
0.08407524228096008
9 1: -0.5717155411839485
new
0.0
2 1: 0.0
new
