-0.666304349899292
-0.7933700978755951
0.5053492784500122
0.5757063627243042
-0.8272571563720703
-0.22483515739440918
0.2117462158203125
-0.20083558559417725
-0.2785074710845947
0.9971920251846313
-0.05142617225646973
-0.1348174810409546
-0.20405471324920654
0.9591020345687866
-0.2031404972076416
0.307702898979187
-0.23885095119476318
-0.46367645263671875
-0.8201678991317749
-0.7925174236297607
0.038813233375549316
0.2579469680786133
0.3058900833129883
0.6210180521011353
-0.8865858316421509
0.38776735961437225
0.5306533575057983
-0.10485208034515381
-0.16602003574371338
0.9818476438522339
-0.8718051016330719
0.8441050052642822
-0.9886467456817627
0.4237734079360962
0.020146965980529785
0.7904503345489502
0.3235279321670532
0.9082412719726562
0.7841123342514038
-0.30424754321575165
0.9212698936462402
-0.7946981191635132
0.48531198501586914
-0.5375927686691284
8 4: 0.8355592489242554
new
-0.19582760334014893
-0.7557756900787354
0.024551555514335632
-0.8034263849258423
-0.9379966259002686
0.5255134105682373
0.2909325361251831
-0.34364640712738037
0.3324093371629715
-0.2787346839904785
-0.9863666296005249
0.5931086987257004
0.9124075174331665
0.5905148983001709
-0.6468765735626221
-0.22286975383758545
-0.47007882595062256
1 8: -0.3931233882904053
new
-0.7044706642627716
-0.6714692115783691
0.3826984614133835
0.6801750659942627
-0.15385937690734863
-0.8051806688308716
-0.2785806953907013
-0.08439135551452637
8 0: 0.16713011264801025
new
0.0
1 0: 0.0
new
